0.1
8.866427331336132e-6
0.2
0.00003712432457078329
0.30000000000000004
0.00008310356982713389
0.4
0.00013965515841737961
0.5
0.00019651509856347346
0.6
0.0002439863592994762
0.7
0.0002757453973850635
0.8
0.00028970624516958064
0.9
0.0002872835645223401
1.
0.00027197025230273975
1.1
0.00024796911562345033
1.2000000000000002
0.00021923650886572661
1.3
0.00018898117099666495
1.4000000000000001
0.0001595120009796789
1.5
0.00013229630562374344
1.6
0.00010812210667833865
1.7000000000000002
0.00008727700178090119
1.8
0.00006971635433932281
1.9000000000000001
0.000055196223437259944
2.
0.000043371086599784136
2.1
0.00003386052767146274
2.2
0.00002629060508161344
2.3000000000000003
0.00002031750015415301
2.4000000000000004
0.000015638782402201155
2.5
0.000011996542980023611
2.6
9.175896102364005e-6
2.7
7.001335090634999e-6
2.8000000000000003
5.331109702323858e-6
2.9000000000000004
4.0523751980377535e-6
3.
3.075985778116085e-6
3.1
2.332151451932313e-6
3.2
1.7665580051424127e-6
3.3000000000000003
1.3371734040406251e-6
3.4000000000000004
1.011616085973054e-6
3.5
7.65038570452876e-7
3.6
5.784346963689506e-7
3.7
4.373007748421038e-7
3.8000000000000003
3.30612719165746e-7
3.9000000000000004
2.4998490938804717e-7
4.
1.890620997910967e-7
4.1
1.4303101433415657e-7
4.199999999999999
1.0824921014664347e-7
4.3
8.19622881374598e-8
4.3999999999999995
6.209091259350924e-8
4.5
4.706430546586364e-8
4.6
3.569657583005369e-8
4.699999999999999
2.7092163115686368e-8
4.8
2.0576623510346508e-8
4.8999999999999995
1.563975456516712e-8
5.
1.1897321398892932e-8
5.1
9.056827837125306e-9
5.199999999999999
6.900340374466981e-9
5.3
5.261826311722999e-9
5.3999999999999995
4.01589961153724e-9
5.5
3.0677676685114387e-9
5.6
2.3462638590288787e-9
5.699999999999999
1.7957614275015748e-9
5.8
1.3757207595936045e-9
5.8999999999999995
1.054945049964077e-9
6.
8.097617002231158e-10