0.1
8.889345154589802e-6
0.2
0.000034823166108108485
0.30000000000000004
0.00007639282412722357
0.4
0.0001316898316845348
0.5
0.00019828660534449162
0.6
0.0002732742676541305
0.7
0.00035337134900501445
0.8
0.00043511724652123984
0.9
0.0005151137529043333
1.
0.0005902324302084022
1.1
0.0006578337222498187
1.2000000000000002
0.0007158455263593299
1.3
0.0007628869341771682
1.4000000000000001
0.0007981808602134392
1.5
0.0008215612702346996
1.6
0.0008333694552965906
1.7000000000000002
0.0008343525020701664
1.8
0.0008255494063529111
1.9000000000000001
0.0008082678016896737
2.
0.0007836198501059002
2.1
0.0007531797220677014
2.2
0.0007181894560088974
2.3000000000000003
0.0006798772505338438
2.4000000000000004
0.0006393740159535646
2.5
0.0005976583038955792
2.6
0.0005555804584783034
2.7
0.0005138511836876127
2.8000000000000003
0.00047304745288865034
2.9000000000000004
0.00043362403137886367
3.
0.00039592413645541877
3.1
0.0003601939343509268
3.2
0.00032659536977398823
3.3000000000000003
0.00029521965853507233
3.4000000000000004
0.00026610083849011134
3.5
0.00023922439197969432
3.6
0.00021454112168653046
3.7
0.00019197151961351607
3.8000000000000003
0.00017142323207741656
3.9000000000000004
0.00015278033857551025
4.
0.00013592333771627737
4.1
0.00012072766220674812
4.199999999999999
0.00010706787016348282
4.3
0.00009482015198332255
4.3999999999999995
0.00008386425742099998
4.5
0.00007408505260921914
4.6
0.00006537338875534351
4.699999999999999
0.00005762685688482579
4.8
0.00005075004162738289
4.8999999999999995
0.00004465275792594055
5.
0.000039257462534514304
5.1
0.00003448829908977909
5.199999999999999
0.000030277607297874395
5.3
0.000026564283517285077
5.3999999999999995
0.000023292826908779392
5.5
0.00002041338047299468
5.6
0.000017881202798501154
5.699999999999999
0.000015656163760636857
5.8
0.000013702450158039229
5.8999999999999995
0.000011988007816412735
6.
0.000010484729200083759