0.1
8.919761583589987e-6
0.2
0.000035303722358722
0.30000000000000004
0.00007879370372005777
0.4
0.00013914589272004106
0.5
0.00021611198525371616
0.6
0.0003092623562673899
0.7
0.00041786096485019246
0.8
0.0005407549438170525
0.9
0.0006763467951453986
1.
0.0008225996825097506
1.1
0.0009770850447554432
1.2000000000000002
0.0011370777896788705
1.3
0.0012996560669595247
1.4000000000000001
0.0014618310095235623
1.5
0.0016206336150102066
1.6
0.001773283028523003
1.7000000000000002
0.001917214562927475
1.8
0.002050186682824823
1.9000000000000001
0.0021703296439980414
2.
0.0022761582967876096
2.1
0.00236659713532701
2.2
0.002440969354251171
2.3000000000000003
0.0024989543447071073
2.4000000000000004
0.002540633422004954
2.5
0.0025663277059225086
2.6
0.002576645358973894
2.7
0.0025724108168924398
2.8000000000000003
0.0025546194346471197
2.9000000000000004
0.002524390855592728
3.
0.002482934445961273
3.1
0.0024315034333387223
3.2
0.002371373580019389
3.3000000000000003
0.0023038071757938016
3.4000000000000004
0.0022300354488505292
3.5
0.0021512379915205773
3.6
0.00206852718421865
3.7
0.001982944793698183
3.8000000000000003
0.001895420568857022
3.9000000000000004
0.001806840700093221
4.
0.0017179761708581865
4.1
0.001629511918064621
4.199999999999999
0.001542048010420034
4.3
0.0014561002308529692
4.3999999999999995
0.0013721056242601247
4.5
0.001290427508387486
4.6
0.001211360793847303
4.699999999999999
0.0011351379200421812
4.8
0.0010619353173234312
4.8999999999999995
0.0009918791241972156
5.
0.0009250586764003516
5.1
0.0008615013200021091
5.199999999999999
0.0008012222577890727
5.3
0.0007441996203050097
5.3999999999999995
0.0006903875348702475
5.5
0.0006397203592025752
5.6
0.000592114677033094
5.699999999999999
0.0005474742357788871
5.8
0.000505692600026876
5.8999999999999995
0.00046665386461863584
6.
0.00043023842031626497