0.1
0.00002552869252736989
0.2
0.00008735438479866806
0.30000000000000004
0.00016208556475395534
0.4
0.00022998428730060963
0.5
0.00027871978438280683
0.6
0.000303726458268086
0.7
0.0003063725968140597
0.8
0.0002914010636563414
0.9
0.0002646868798842826
1.
0.00023173393083566663
1.1
0.00019692219226157974
1.2000000000000002
0.00016330376966632043
1.3
0.00013272526994228994
1.4000000000000001
0.0001060867229336564
1.5
0.00008362459655951957
1.6
0.00006515953001923581
1.7000000000000002
0.00005028218210804758
1.8
0.000038489140108634916
1.9000000000000001
0.000029263869658950496
2.
0.000022125271278540097
2.1
0.00001665026093794923
2.2
0.000012482144019074696
2.3000000000000003
9.328194409017528e-6
2.4000000000000004
6.953574311537564e-6
2.5
5.173041960355037e-6
2.6
3.8424366823961435e-6
2.7
2.8507818228408558e-6
2.8000000000000003
2.1132539380380417e-6
2.9000000000000004
1.5656917107448716e-6
3.
1.1596793598377203e-6
3.1
8.589045176667967e-7
3.2
6.362230389513722e-7
3.3000000000000003
4.714170004626672e-7
3.4000000000000004
3.494594410038995e-7
3.5
2.5920509268759746e-7
3.6
1.9239446773199573e-7
3.7
1.4291725068087715e-7
3.8000000000000003
1.062594836199629e-7
3.9000000000000004
7.908025734863749e-8
4.
5.890877550932017e-8
4.1
4.393221268820556e-8
4.199999999999999
3.280011732663561e-8
4.3
2.45175893423377e-8
4.3999999999999995
1.8348765027195146e-8
4.5
1.3748941513934652e-8
4.6
1.031254134715369e-8
4.699999999999999
7.747650282621725e-9
4.8
5.827878027611206e-9
4.8999999999999995
4.38984792021248e-9
5.
3.311326990328009e-9
5.1
2.5012075575546037e-9
5.199999999999999
1.8919485576096305e-9
5.3
1.4322734902564757e-9
5.3999999999999995
1.0861875228819463e-9
5.5
8.247978141611272e-10
5.6
6.271727032026946e-10
5.699999999999999
4.775119778115527e-10
5.8
3.6407670112126786e-10
5.8999999999999995
2.779607122464727e-10
6.
2.1250106216291867e-10