0.1
0.00003076701775512177
0.2
0.00012557269750380985
0.30000000000000004
0.00027370072326902923
0.4
0.00044827880264828305
0.5
0.0006163437980183471
0.6
0.0007501871902014707
0.7
0.0008340356872726046
0.8
0.0008647267132474533
0.9
0.000848494283724311
1.
0.0007965746426846593
1.1
0.0007214559818726612
1.2000000000000002
0.000634437254985815
1.3
0.0005444538718300094
1.4000000000000001
0.0004578060317606691
1.5
0.0003784125691986063
1.6
0.0003082954165261603
1.7000000000000002
0.00024810586916388776
1.8
0.0001975896869809797
1.9000000000000001
0.00015595841994599835
2.
0.0001221593412202086
2.1
0.00009505848289441098
2.2
0.00007355344046573388
2.3000000000000003
0.00005663831026629699
2.4000000000000004
0.000043432186550861185
2.5
0.00003318688971362719
2.6
0.000025281388216096037
2.7
0.00001920934494521502
2.8000000000000003
0.000014563826790965118
2.9000000000000004
0.00001102155794178467
3.
8.328197387104388e-6
3.1
6.2852079379165835e-6
3.2
4.738662042723686e-6
3.3000000000000003
3.5698873250486315e-6
3.4000000000000004
2.687827294965566e-6
3.5
2.0228908753397824e-6
3.6
1.5220752091808855e-6
3.7
1.1451254528612704e-6
3.8000000000000003
8.615353144430866e-7
3.9000000000000004
6.482632610320684e-7
4.
4.87906090940225e-7
4.1
3.6733606790340996e-7
4.199999999999999
2.7667384314001637e-7
4.3
2.084893649551662e-7
4.3999999999999995
1.5719564975623244e-7
4.5
1.1859500285307545e-7
4.6
8.953274479436773e-8
4.699999999999999
6.764075572262009e-8
4.8
5.1141429447804345e-8
4.8999999999999995
3.8695651805192354e-8
5.
2.930423446294978e-8
5.1
2.221183301597935e-8
5.199999999999999
1.6851417273767362e-8
5.3
1.2796624098511392e-8
5.3999999999999995
9.726552593674032e-9
5.5
7.400196870035324e-9
5.6
5.635830603432365e-9
5.699999999999999
4.296395576822571e-9
5.8
3.278744699176849e-9
5.8999999999999995
2.5046634730154305e-9
6.
1.9153300345387634e-9