0.1
0.00001729272745191636
0.2
0.00007018593721804817
0.30000000000000004
0.00016034060149054113
0.4
0.00028974900993690916
0.5
0.00045993357341470845
0.6
0.0006720911820513127
0.7
0.0009264816985989229
0.8
0.0012222691256707585
0.9
0.001557253500338273
1.
0.0019279266256723101
1.1
0.0023294700787823306
1.2000000000000002
0.002755934236425714
1.3
0.003200459429716741
1.4000000000000001
0.003655563672710436
1.5
0.004113444482978498
1.6
0.004566267697118687
1.7000000000000002
0.005006464384116647
1.8
0.005426966477982612
1.9000000000000001
0.005821392370229175
2.
0.00618422840521124
2.1
0.006510893922336045
2.2
0.006797814534215643
2.3000000000000003
0.0070424285431375
2.4000000000000004
0.007243144248944526
2.5
0.007399311768050112
2.6
0.007511124862880233
2.7
0.00757953027442967
2.8000000000000003
0.007606124632086191
2.9000000000000004
0.007593045962165533
3.
0.007542864776883555
3.1
0.0074584822319252765
3.2
0.0073432341671811644
3.3000000000000003
0.007199917110578934
3.4000000000000004
0.0070321535099805545
3.5
0.00684327484531322
3.6
0.006636538312010442
3.7
0.006415087388911402
3.8000000000000003
0.006181916489892266
3.9000000000000004
0.005939851318176792
4.
0.005691474201256368
4.1
0.005439189787968002
4.199999999999999
0.005185167098757658
4.3
0.004931348050831514
4.3999999999999995
0.00467945063034989
4.5
0.0044309755952945925
4.6
0.004187213671747029
4.699999999999999
0.00394925900408527
4.8
0.0037180215128610433
4.8999999999999995
0.003494239205761024
5.
0.003278494362840045
5.1
0.003071266393163198
5.199999999999999
0.0028727984742081057
5.3
0.002683321035104185
5.3999999999999995
0.0025029331441450914
5.5
0.002331648972270766
5.6
0.0021694061310941477
5.699999999999999
0.0020160778698958414
5.8
0.0018714864600210583
5.8999999999999995
0.001735407878951508
6.
0.0016075837394941468