0.1
9.154024736076754e-6
0.2
0.00003690566154950468
0.30000000000000004
0.00008326128665560336
0.4
0.0001474814732925777
0.5
0.00022795562650591275
0.6
0.0003221467408780173
0.7
0.0004266571336755723
0.8
0.0005374351462070052
0.9
0.0006500859842578996
1.
0.0007601958958685086
1.1
0.0008636942092644034
1.2000000000000002
0.0009570585938409572
1.3
0.0010375722233411828
1.4000000000000001
0.0011033031382897856
1.5
0.0011531790101758752
1.6
0.0011869128990390843
1.7000000000000002
0.0012048835048305798
1.8
0.0012080134849542059
1.9000000000000001
0.0011976975668967253
2.
0.001175321967617859
2.1
0.0011428375816789514
2.2
0.0011019651410082852
2.3000000000000003
0.0010544631687331057
2.4000000000000004
0.0010019931984180152
2.5
0.0009460826866382676
2.6
0.0008880914559078601
2.7
0.0008292053196801068
2.8000000000000003
0.0007704297007013558
2.9000000000000004
0.0007125959824600134
3.
0.0006563723072140538
3.1
0.0006022766647742925
3.2
0.000550694608619406
3.3000000000000003
0.0005018950639167448
3.4000000000000004
0.00045604778656975617
3.5
0.00041324036713961287
3.6
0.00037349196911696115
3.7
0.00033676569083091644
3.8000000000000003
0.00030298208609804697
3.9000000000000004
0.00027203574195166374
4.
0.0002437900512894298
4.1
0.00021809544651991427
4.199999999999999
0.00019479331751715665
4.3
0.00017371970412461102
4.3999999999999995
0.00015471056869313855
4.5
0.00013760363451080618
4.6
0.00012224026563705304
4.699999999999999
0.00010847267007722897
4.8
0.00009615677345503077
4.8999999999999995
0.00008515795268447818
5.
0.0000753507403574721
5.1
0.0000666184873523041
5.199999999999999
0.00005885392626756069
5.3
0.00005195802219560854
5.3999999999999995
0.000045839862467700725
5.5
0.00004041847718016651
5.6
0.000035618645752333743
5.699999999999999
0.00003137308898698486
5.8
0.000027620793372564534
5.8999999999999995
0.00002430697612257892
6.
0.000021382473344980555