0.1
8.79122723703667e-6
0.2
0.000035881304379562635
0.30000000000000004
0.00007707985739130539
0.4
0.00012272210283295533
0.5
0.0001620827964476422
0.6
0.00018771282238070692
0.7
0.0001971660672608785
0.8
0.00019216742188922872
0.9
0.0001766771907344564
1.
0.00015511595502954554
1.1
0.00013126765121408796
1.2000000000000002
0.00010784875870490884
1.3
0.00008651262748892157
1.4000000000000001
0.00006806009291490587
1.5
0.00005269837753230994
1.6
0.000040275831387718953
1.7000000000000002
0.000030453999317410978
1.8
0.000022825616982485314
1.9000000000000001
0.000016984729630618678
2.
0.00001256357042120652
2.1
9.248149557773457e-6
2.2
6.78070882907965e-6
2.3000000000000003
4.9556259066790775e-6
2.4000000000000004
3.6124695506317104e-6
2.5
2.628008723188635e-6
2.6
1.9088249473014427e-6
2.7
1.384822831650174e-6
2.8000000000000003
1.0038199733266762e-6
2.9000000000000004
7.272434220245327e-7
3.
5.267334299133492e-7
3.1
3.814514256893798e-7
3.2
2.762778085009886e-7
3.3000000000000003
2.0015711016917483e-7
3.4000000000000004
1.4506850703749566e-7
3.5
1.051984179795013e-7
3.6
7.633529487640108e-8
3.7
5.543358773659978e-8
3.8000000000000003
4.028795044757403e-8
3.9000000000000004
2.9306506154764725e-8
4.
2.1338756738702107e-8
4.1
1.5553155875199665e-8
4.199999999999999
1.1348202599396825e-8
4.3
8.289170712046566e-9
4.3999999999999995
6.061602349780407e-9
4.5
4.437745951495296e-9
4.6
3.2527866751807204e-9
4.699999999999999
2.3875906653852647e-9
4.8
1.75455425967657e-9
4.8999999999999995
1.2909741180660686e-9
5.
9.512835400026396e-10
5.1
7.017123982719389e-10
5.199999999999999
5.183028036438819e-10
5.3
3.833277400803915e-10
5.3999999999999995
2.8389407388487383e-10
5.5
2.1053369140140086e-10
5.6
1.5623247625808807e-10
5.699999999999999
1.1613687165568574e-10
5.8
8.644829551511199e-11
5.8999999999999995
6.443308880162373e-11
6.
4.8083704380467936e-11