0.1
0.00003050752160063468
0.2
0.00012142009344923773
0.30000000000000004
0.00025423897712284634
0.4
0.0003952320257354568
0.5
0.0005112777477570683
0.6
0.0005820831699673202
0.7
0.0006031483122172827
0.8
0.0005817138807060778
0.9
0.0005305796520984188
1.
0.0004630576443284732
1.1
0.000390125895901381
1.2000000000000002
0.00031945839625961773
1.3
0.0002556058573328384
1.4000000000000001
0.00020067819017619264
1.5
0.00015511595502954568
1.6
0.00011836416368341875
1.7000000000000002
0.00008936121462821109
1.8
0.00006686980972996343
1.9000000000000001
0.00004967226277429093
2.
0.0000366726159842496
2.1
0.00002693824283739816
2.2
0.000019705032008977475
2.3000000000000003
0.000014364531463467966
2.4000000000000004
0.000010442094664909291
2.5
7.573606262689636e-6
2.6
5.483273852457e-6
2.7
3.964371001866916e-6
2.8000000000000003
2.863214470034338e-6
2.9000000000000004
2.0664312899908377e-6
3.
1.4906812397619398e-6
3.1
1.0750918137754463e-6
3.2
7.753379181308556e-7
3.3000000000000003
5.592404147406846e-7
3.4000000000000004
4.034938060030647e-7
3.5
2.9124832790736174e-7
3.6
2.1034581233080208e-7
3.7
1.520167394641269e-7
3.8000000000000003
1.0995058208374467e-7
3.9000000000000004
7.958869255639866e-8
4.
5.766470488373187e-8
4.1
4.1821276119611974e-8
4.199999999999999
3.036236902467244e-8
4.3
2.2067073827216272e-8
4.3999999999999995
1.605624951303213e-8
4.5
1.1696350850238797e-8
4.6
8.530494083814591e-9
4.699999999999999
6.2292136349720334e-9
4.8
4.554360595008997e-9
4.8999999999999995
3.333942029392647e-9
5.
2.445128227515277e-9
5.1
1.7948642172856272e-9
5.199999999999999
1.319400387940819e-9
5.3
9.710889659033584e-10
5.3999999999999995
7.156969331439768e-10
5.5
5.282027895157634e-10
5.6
3.9037774987867427e-10
5.699999999999999
2.889022041787474e-10
5.8
2.141163742306811e-10
5.8999999999999995
1.5890108780283821e-10
6.
1.180818969285261e-10