0.1
0.00002532721468636015
0.2
0.00008470612691422078
0.30000000000000004
0.00015164258644760688
0.4
0.00020542176673908456
0.5
0.00023575655627812965
0.6
0.00024184740575887624
0.7
0.00022870215550172058
0.8
0.0002033715999513796
0.9
0.00017242696456277093
1.
0.00014079545236563346
1.1
0.0001115674799225294
1.2000000000000002
0.0000862968142141166
1.3
0.0000654572973655812
1.4000000000000001
0.00004886768998413279
1.5
0.000036014050305459306
1.6
0.00002626326541935562
1.7000000000000002
0.000018989664294200615
1.8
0.00001363595555609393
1.9000000000000001
9.737436362659367e-6
2.
6.922950709030982e-6
2.1
4.904881688956055e-6
2.2
3.4659003638232735e-6
2.3000000000000003
2.4442624949957437e-6
2.4000000000000004
1.721372986158247e-6
2.5
1.2111888682500024e-6
2.6
8.518016432875581e-7
2.7
5.989781748548678e-7
2.8000000000000003
4.212749935750224e-7
2.9000000000000004
2.9642693126398676e-7
3.
2.0871884598320117e-7
3.1
1.4708994110247304e-7
3.2
1.0376516394354589e-7
3.3000000000000003
7.328762106016068e-8
3.4000000000000004
5.182870156918825e-8
3.5
3.6704286967096004e-8
3.6
2.60320582349792e-8
3.7
1.8490061149063345e-8
3.8000000000000003
1.3155452543997652e-8
3.9000000000000004
9.377246312859159e-9
4.
6.695022880338618e-9
4.1
4.7882576314885795e-9
4.199999999999999
3.430614514153165e-9
4.3
2.462307100930095e-9
4.3999999999999995
1.7705887085786093e-9
4.5
1.2754817160615539e-9
4.6
9.203829660476391e-10
4.699999999999999
6.650843705133272e-10
4.8
4.817552596168117e-10
4.8999999999999995
3.495405381428575e-10
5.
2.5404536160730067e-10
5.1
1.8495375493163256e-10
5.199999999999999
1.3529939480484223e-10
5.3
9.891443235962684e-11
5.3999999999999995
7.245469019175025e-11
5.5
5.315738942076642e-11
5.6
3.9075658946373406e-11
5.699999999999999
2.877313987328073e-11
5.8
2.1230588534194526e-11
5.8999999999999995
1.5690137864327948e-11
6.
1.1623712986261548e-11