0.1
7.059687640551305e-6
0.2
0.000023792499160576447
0.30000000000000004
0.000043601240572530306
0.4
0.00006123479029535156
0.5
0.00007357393617635507
0.6
0.00007958548104747596
0.7
0.00007976304955475247
0.8
0.00007543348109508024
0.9
0.00006816794014697054
1.
0.000059404375508300204
1.1
0.00005026606720471438
1.2000000000000002
0.00004152157542253557
1.3
0.00003362450038183879
1.4000000000000001
0.00002678541725734912
1.5
0.000021048013744780334
1.6
0.000016352512344114158
1.7000000000000002
0.000012584319513630318
1.8
9.608213129231123e-6
1.9000000000000001
7.287771913552118e-6
2.
5.497600154661666e-6
2.1
4.128464620085215e-6
2.2
3.0888291372675333e-6
2.3000000000000003
2.304052284128063e-6
2.4000000000000004
1.7145076606700415e-6
2.5
1.273382252715366e-6
2.6
9.443698584527334e-7
2.7
6.996001821335177e-7
2.8000000000000003
5.179218966135016e-7
2.9000000000000004
3.832070829638149e-7
3.
2.83487159525587e-7
3.1
2.0971940401680318e-7
3.2
1.5517660073563575e-7
3.3000000000000003
1.1486217861731294e-7
3.4000000000000004
8.506456546715812e-8
3.5
6.303866602959702e-8
3.6
4.675039685281865e-8
3.7
3.470036267984134e-8
3.8000000000000003
2.5780375738888036e-8
3.9000000000000004
1.917297548535768e-8
4.
1.4272485490703454e-8
4.1
1.0637190812791689e-8
4.199999999999999
7.937125041110557e-9
4.3
5.929462099050466e-9
4.3999999999999995
4.4352535845179064e-9
4.5
3.3217315009712436e-9
4.6
2.4913943318158605e-9
4.699999999999999
1.870790591926669e-9
4.8
1.4064776944201981e-9
4.8999999999999995
1.0589487977491797e-9
5.
7.98384032912307e-10
5.1
6.02788989960658e-10
5.199999999999999
4.5573394161453864e-10
5.3
3.4504374547333825e-10
5.3999999999999995
2.613416299008692e-10
5.5
1.9838362861009277e-10
5.6
1.5081736529702722e-10
5.699999999999999
1.1479751658848079e-10
5.8
8.750233007645268e-11
5.8999999999999995
6.691329602914205e-11
6.
5.116695375318494e-11