0.1
0.000017232879366470592
0.2
0.00006920576312447592
0.30000000000000004
0.00015536385406607863
0.4
0.00027378767632521594
0.5
0.00042094726476244593
0.6
0.0005917488890864177
0.7
0.0007797157207887791
0.8
0.0009774460865452992
0.9
0.0011770669103156868
1.
0.0013709513254419948
1.1
0.001552113468462718
1.2000000000000002
0.0017146954321645095
1.3
0.0018541864334717685
1.4000000000000001
0.0019675167857161214
1.5
0.002053043852301381
1.6
0.00211045491616171
1.7000000000000002
0.0021405215403614113
1.8
0.002144912415717461
1.9000000000000001
0.0021259488187131163
2.
0.002086392176895779
2.1
0.002029238578122001
2.2
0.001957554489947963
2.3000000000000003
0.0018743505731189795
2.4000000000000004
0.001782464416719179
2.5
0.001684516208917898
2.6
0.0015828455655895854
2.7
0.0014794954543741051
2.8000000000000003
0.001376206627629836
2.9000000000000004
0.0012744252569219603
3.
0.0011753219676178639
3.1
0.0010798116529846175
3.2
0.0009885830723332819
3.3000000000000003
0.0009021144694635745
3.4000000000000004
0.000820742583906112
3.5
0.0007446322747391262
3.6
0.0006738348992065074
3.7
0.0006083069718070798
3.8000000000000003
0.0005479244387393598
3.9000000000000004
0.0004925166405862493
4.
0.0004418602824265208
4.1
0.0003957047489808469
4.199999999999999
0.00035378080754696814
4.3
0.0003158089201583487
4.3999999999999995
0.00028150661042930427
4.5
0.00025059384108664534
4.6
0.00022279767269078906
4.699999999999999
0.0001978548574008285
4.8
0.00017551510401639936
4.8999999999999995
0.0001555417802502627
5.
0.0001377040991858257
5.1
0.00012181164029662025
5.199999999999999
0.00010766627006342131
5.3
0.00009509213124265027
5.3999999999999995
0.00008392811643059943
5.5
0.00007402688543713114
5.6
0.00006525459959083069
5.699999999999999
0.00005749020750673013
5.8
0.000050623662681390536
5.8999999999999995
0.000044556209472051424
6.
0.000039198779255548164