0.1
0.000016319570903489225
0.2
0.00005499126342994604
0.30000000000000004
0.00010078925474758032
0.4
0.00014160663216494296
0.5
0.000170243665048937
0.6
0.00018429343668692697
0.7
0.00018486694110674896
0.8
0.00017499825689955357
0.9
0.0001583011937999236
1.
0.00013809278890271725
1.1
0.00011697255719489709
1.2000000000000002
0.00009672585701634115
1.3
0.00007841225286324577
1.4000000000000001
0.00006252913762553824
1.5
0.000049186247545806566
1.6
0.00003825223687931438
1.7000000000000002
0.000029467749179165994
1.8
0.000022520349701965717
1.9000000000000001
0.000017097963702734684
2.
0.000012910120819639026
2.1
9.703880694160677e-6
2.2
7.266787444016741e-6
2.3000000000000003
5.425282019426894e-6
2.4000000000000004
4.040580984385037e-6
2.5
3.0035110003570144e-6
2.6
2.2293111221163737e-6
2.7
1.6528386885159079e-6
2.8000000000000003
1.224513873994621e-6
2.9000000000000004
9.067534326432159e-7
3.
6.712983775610688e-7
3.1
4.969807509235336e-7
3.2
3.679952738404827e-7
3.3000000000000003
2.7258057256081774e-7
3.4000000000000004
2.0200735874378264e-7
3.5
1.4980010868087814e-7
3.6
1.1116828101986926e-7
3.7
8.256752080543022e-8
3.8000000000000003
6.138016265840164e-8
3.9000000000000004
4.5675217580109384e-8
4.
3.402393404726857e-8
4.1
2.537320877165118e-8
4.199999999999999
1.894422953254051e-8
4.3
1.4160817244578545e-8
4.3999999999999995
1.0598399947582013e-8
4.5
7.942076511523834e-9
4.6
5.95947298315543e-9
4.699999999999999
4.47728278572524e-9
4.8
3.3682850698575147e-9
4.8999999999999995
2.5373612630327326e-9
5.
1.9140604956644714e-9
5.1
1.4454884064326489e-9
5.199999999999999
1.0933044022932097e-9
5.3
8.279125973402824e-10
5.3999999999999995
6.279227197821359e-10
5.5
4.768973722035675e-10
5.6
3.6273074313153233e-10
5.699999999999999
2.762553776379809e-10
5.8
2.104795105705958e-10
5.8999999999999995
1.6070428628973886e-10
6.
1.2310489989007398e-10