0.1
9.186368002298088e-6
0.2
0.00003743380626877373
0.30000000000000004
0.00008598632379327954
0.4
0.00015621430706799666
0.5
0.0002494772676064553
0.6
0.0003668842342053231
0.7
0.0005090931062205923
0.8
0.0006761020003919528
0.9
0.0008671297706423205
1.
0.0010805511807064764
1.1
0.0013138901305499355
1.2000000000000002
0.0015639072454048976
1.3
0.0018267188820666747
1.4000000000000001
0.0020979457971516883
1.5
0.0023729354529140917
1.6
0.0026469160507952083
1.7000000000000002
0.002915202739599595
1.8
0.003173348653015033
1.9000000000000001
0.0034173079856398667
2.
0.0036435015384101376
2.1
0.00384891963837798
2.2
0.004031159690517395
2.3000000000000003
0.0041884169801493926
2.4000000000000004
0.00431956927193165
2.5
0.00442398776074071
2.6
0.0045016129688158655
2.7
0.004552870746803228
2.8000000000000003
0.004578596491772827
2.9000000000000004
0.004579978804186734
3.
0.0045584842272174235
3.1
0.004515799250338996
3.2
0.00445376927504349
3.3000000000000003
0.004374338579491288
3.4000000000000004
0.004279502470996727
3.5
0.004171264525611945
3.6
0.004051587861412757
3.7
0.003922405629044226
3.8000000000000003
0.0037855153239038882
3.9000000000000004
0.0036426537618924944
4.
0.003495422626218082
4.1
0.003345296483755257
4.199999999999999
0.0031936166729718365
4.3
0.0030415898783664706
4.3999999999999995
0.0028902879935352897
4.5
0.0027406527161816185
4.6
0.002593500263719465
4.699999999999999
0.0024495314987663876
4.8
0.0023093180927853266
4.8999999999999995
0.002173344575164938
5.
0.002041994216456057
5.1
0.001915562493026823
5.199999999999999
0.0017942672905862603
5.3
0.0016782556159020113
5.3999999999999995
0.0015676137032152925
5.5
0.0014623700174080764
5.6
0.0013625136344481154
5.699999999999999
0.001267982641696277
5.8
0.0011786902363403104
5.8999999999999995
0.0010945157329947692
6.
0.001015316713114012